1000
0.448238
0.111238
0.952562
0.584865
0.313001
0.203816
0.54652
0.66867
0.614151
0.937803
0.297701
0.280007
0.198984
0.764756
0.927909
0.299638
0.765551
0.667964
0.641181
0.212951
0.115385
0.302586
0.695795
0.871793
0.588513
0.835167
0.37833
0.840707
0.610753
0.33986
0.434579
0.0589916
0.451098
0.387141
0.643857
0.764099
0.590957
0.190377
0.432769
0.205109
0.12818
0.730469
0.485116
0.327164
0.495226
0.413024
0.626802
0.260777
0.0809883
0.267983
0.473728
0.196373
0.570568
0.169523
0.0681662
0.159082
0.00469003
0.446496
0.999788
0.615443
0.786356
0.434367
0.674435
0.237454
0.821509
0.318292
0.00155287
0.412466
0.508669
0.434321
0.617575
0.636849
0.164791
0.10269
0.964013
0.660017
0.515715
0.590815
0.920793
0.596703
0.858797
0.394521
0.793076
0.429365
0.564044
0.861242
0.588447
0.568734
0.307738
0.588235
0.184178
0.0940934
0.0226029
0.858613
0.331547
0.844112
0.176905
0.3331
0.256578
0.685574
0.767422
0.874152
0.322423
0.932213
0.976843
0.286436
0.592229
0.492557
0.877251
0.513022
0.0892599
0.736048
0.907543
0.882336
0.165413
0.471588
0.743578
0.753861
0.0403218
0.0513157
0.342096
0.2245
0.145409
0.364699
0.0831124
0.476957
0.208811
0.260017
0.810057
0.465388
0.945591
0.577479
0.339541
0.268015
0.509691
0.316383
0.554451
0.10192
0.80894
0.431702
0.614943
0.8982
0.16775
0.522486
0.780536
0.333163
0.994073
0.524114
0.0870237
0.0343952
0.57543
0.42912
0.258895
0.720839
0.793819
0.342007
0.197796
0.00262924
0.602024
0.00785247
0.468018
0.547616
0.585331
0.807558
0.815631
0.0950221
0.123942
0.370082
0.196942
0.932882
0.801783
0.811885
0.831083
0.969533
0.334371
0.611619
0.302696
0.328444
0.135733
0.38972
0.362839
0.711163
0.81884
0.621734
0.432002
0.612658
0.963741
0.629798
0.615287
0.565766
0.63765
0.083305
0.113382
0.222981
0.890863
0.929013
0.318003
0.0148052
0.299094
0.514946
0.947687
0.100878
0.326831
0.77877
0.0704106
0.661202
0.390389
0.373107
0.989646
0.526122
0.762827
0.352485
0.237285
0.581666
0.97422
0.669287
0.194324
0.937961
0.299085
0.809612
0.503727
0.936735
0.892917
0.617109
0.159716
0.78378
0.546122
0.477719
0.798585
0.845216
0.992665
0.746273
0.946093
0.319496
0.525043
0.0165041
0.980698
0.915432
0.389611
0.970343
0.441554
0.152438
0.322829
0.678839
0.734104
0.297049
0.348126
0.928428
0.23501
0.647211
0.73804
0.738737
0.583946
0.630956
0.355846
0.743662
0.414737
0.901967
0.221382
0.213322
0.747183
0.214047
0.959595
0.693277
0.533543
0.484638
0.709781
0.514241
0.40007
0.0993917
0.484584
0.841624
0.251829
0.807413
0.520463
0.985933
0.104461
0.868589
0.914361
0.339471
0.5158
0.652401
0.078208
0.0997466
0.283357
0.434054
0.843409
0.698094
0.336021
0.0647909
0.911416
0.0832046
0.278838
0.871011
0.776481
0.812381
0.355648
0.486262
0.326622
0.755718
0.585654
0.811206
0.597342
0.837483
0.618619
0.117805
0.823416
0.72308
0.986394
0.737777
0.062551
0.502195
0.390178
0.140759
0.601941
0.673536
0.574813
0.44535
0.37163
0.910834
0.510141
0.283046
0.994039
0.788979
0.154057
0.77052
0.60136
0.509705
0.256782
0.927982
0.265423
0.842436
0.739187
0.862765
0.679919
0.357806
0.98057
0.503335
0.0808859
0.966964
0.241113
0.143437
0.469159
0.631291
0.284196
0.0711
0.304827
0.859009
0.51645
0.676457
0.769843
0.0265913
0.959503
0.763882
0.81557
0.113559
0.534402
0.416931
0.623265
0.791184
0.344913
0.888688
0.63362
0.0841
0.751453
0.313539
0.441906
0.732023
0.816874
0.522792
0.698987
0.0579866
0.666229
0.168146
0.689278
0.950425
0.239246
0.994105
0.809434
0.755696
0.670562
0.579276
0.782288
0.630065
0.343158
0.597858
0.743624
0.877559
0.0147887
0.366889
0.668743
0.359701
0.255576
0.302363
0.443801
0.00702921
0.615901
0.885707
0.739052
0.432775
0.408499
0.438039
0.490762
0.074728
0.606185
0.180039
0.0251529
0.845431
0.174144
0.834586
0.601128
0.844706
0.413863
0.383415
0.474771
0.757021
0.981273
0.218395
0.63458
0.996062
0.585283
0.303323
0.355763
0.84086
0.605686
0.799564
0.847889
0.221587
0.685272
0.586941
0.654362
0.0937709
0.0249804
0.145124
0.168499
0.631166
0.325163
0.193652
0.476597
0.499307
0.0282382
0.0777249
0.344013
0.442101
0.46114
0.818784
0.199122
0.442413
0.0371788
0.833702
0.438475
0.622462
0.137026
0.794239
0.463322
0.742712
0.593803
0.311211
0.964299
0.279075
0.898152
0.618661
0.372846
0.923132
0.763785
0.541345
0.554298
0.0889483
0.734996
0.0308952
0.588256
0.763235
0.10862
0.932269
0.205336
0.56976
0.751053
0.404458
0.0121737
0.788232
0.23816
0.450649
0.410694
0.375186
0.244888
0.874016
0.117897
0.838691
0.185227
0.0821962
0.117766
0.0833782
0.700857
0.490612
0.00651021
0.464642
0.0319564
0.560808
0.553591
0.766953
0.591703
0.141846
0.530187
0.700323
0.0741157
0.735523
0.270084
0.825169
0.139981
0.282257
0.613401
0.378141
0.732907
0.0240953
0.753326
0.977794
0.898111
0.871224
0.816486
0.0833377
0.95342
0.934251
0.166716
0.654277
0.424863
0.173226
0.11892
0.45682
0.734034
0.67251
0.223772
0.325737
0.814357
0.75396
0.0260608
0.888473
0.489483
0.296144
0.713642
0.629463
0.578402
0.327043
0.00760406
0.311308
0.351138
0.76093
0.289103
0.249249
0.632154
0.105588
0.332587
0.585574
0.0398398
0.499303
0.239851
0.464703
0.672529
0.358771
0.921523
0.406563
0.0312813
0.145295
0.7323
0.845638
0.899255
0.758361
0.734111
0.388737
0.0545056
0.447752
0.0182007
0.632907
0.774795
0.0258048
0.944216
0.125933
0.786735
0.233319
0.375182
0.418889
0.338907
0.707769
0.00446307
0.378747
0.207072
0.244314
0.84345
0.8796
0.603085
0.764972
0.286163
0.634366
0.910267
0.0184637
0.480005
0.809522
0.776825
0.214116
0.198259
0.83133
0.661868
0.21646
0.464238
0.436663
0.242264
0.408454
0.562596
0.0289996
0.641772
0.937779
0.447889
0.980679
0.645548
0.452352
0.359425
0.852619
0.696666
0.202875
0.73222
0.299751
0.967847
0.0183832
0.934118
0.878114
0.0368469
0.414122
0.687636
0.813672
0.628238
0.885895
0.645002
0.290106
0.102354
0.10924
0.726769
0.344619
0.517694
0.289365
0.373618
0.159466
0.227144
0.821507
0.140145
0.872691
0.273859
0.49957
0.725311
0.970525
0.702445
0.457531
0.270276
0.670292
0.475914
0.204394
0.548406
0.512761
0.618517
0.236042
0.326433
0.246755
0.121937
0.971435
0.536861
0.224291
0.0806749
0.26363
0.56891
0.598369
0.552995
0.942528
0.757834
0.780139
0.764035
0.897979
0.652831
0.0378942
0.397549
0.378141
0.00841938
0.0999943
0.835672
0.278696
0.770286
0.311586
0.48309
0.318693
0.824347
0.101607
0.554735
0.150779
0.348362
0.676671
0.122214
0.885222
0.900962
0.202889
0.148852
0.469872
0.801258
0.701847
0.4124
0.559092
0.481987
0.176435
0.457071
0.134817
0.214329
0.85462
0.512959
0.222748
0.954615
0.348631
0.501444
0.724901
0.660217
0.984534
0.0435939
0.484564
0.0861414
0.598329
0.635343
0.434503
0.275
0.757558
0.319725
0.175962
0.960447
0.468578
0.645834
0.761705
0.170425
0.0582336
0.320797
0.652412
0.234668
0.777868
0.787229
0.448998
0.632488
0.300187
0.671746
0.587103
0.648818
0.17319
0.312004
0.309035
0.157725
0.355598
0.793599
0.243866
0.953927
0.428942
0.678369
0.228927
0.1865
0.998095
0.404889
0.146947
0.466672
0.0507227
0.908651
0.637097
0.108956
0.229448
0.289509
0.343625
0.00731622
0.0767375
0.792622
0.639805
0.376925
0.464368
0.226908
0.0257432
0.637559
0.538912
0.334778
0.795284
0.89451
0.128377
0.0391497
0.848437
0.55732
0.717519
0.0773634
0.74382
0.715614
0.482252
0.890766
0.182286
0.532975
0.799418
0.819383
0.641931
0.0288661
0.108891
0.985556
0.0361823
0.185629
0.778178
0.675987
0.562554
0.242546
0.902894
0.588297
0.880105
0.441806
0.923075
0.675388
0.336316
0.0514528
0.714538
0.184753
0.608772
0.432057
0.262116
0.352592
0.147671
0.744368
0.243358
0.329956
0.277343
0.0427762
0.149339
0.919274
0.0716423
0.258231
0.90483
0.107825
0.44386
0.683008
0.783811
0.00641339
0.925554
0.686706
0.59471
0.805659
0.128512
0.517786
0.481048
0.464828
0.569239
0.195586
0.649581
0.178011
0.627643
0.911697
0.530603
0.775314
0.656065
0.773961
0.10527
0.933408
0.816738
0.254609
0.852682
0.88838
0.51284
0.757512
0.996204
0.956699
0.44052
0.780016
0.963113
0.366074
0.466722
0.557823
0.171733
0.595234
0.075609
0.652781
0.0600618
0.644848
0.848367
0.709643
0.822859
0.47601
0.621339
0.353462
0.251323
0.277405
0.127423
0.356593
0.210813
0.944161
0.611203
0.0634949
0.83254
0.124043
0.821007
0.828745
0.080742
0.261527
0.608761
0.0438548
0.627601
0.0754825
0.601678
0.799334
0.670716
0.677287
0.452115
0.730778
0.322135
0.300481
0.440421
0.144993
0.776491
0.0617601
0.498455
0.0278141
0.339165
0.625878
0.384407
0.549977
0.570038
0.99561
0.613472
0.402579
0.119653
0.434479
0.231324
0.200395
0.696006
0.840085
0.244249
0.323607
0.915567
0.845927
0.122941
0.586283
0.523214
0.575056
0.317061
0.845349
0.875537
0.757482
0.990342
0.652028
0.819242
0.488797
0.679842
0.158407
0.114675
0.0642492
0.708384
0.684713
0.0598594
0.321856
0.0872918
0.179512
0.756335
0.318615
0.379907
0.452342
0.1587
0.624156
0.775949
0.0742671
0.470084
0.89889
0.66055
0.993298
0.473945
0.977612
0.838647
0.349482
0.735094
0.828989
0.00151002
0.554336
0.317786
0.681352
0.712742
0.432461
0.745601
0.421126
0.117174
0.80546
0.742982
0.204466
0.984972
0.499318
0.523081
0.364879
0.951659
0.681781
0.989035
0.727608
0.756048
0.459119
0.626497
0.416599
0.452417
0.100443
0.394211
0.291064
0.449925
0.129304
0.120053
